kinematics:
  shoulder:
    x: 0
    y: 0
    z: 0.089071494130187848
    roll: -0
    pitch: 0
    yaw: 8.1295227858588226e-06
  upper_arm:
    x: 0.00012682658992583244
    y: 0
    z: 0
    roll: 1.5701564290495285
    pitch: 0
    yaw: -1.7922499695899322e-05
  forearm:
    x: -0.42515596094354419
    y: 0
    z: 0
    roll: 3.1411683022353638
    pitch: 3.1393543719452754
    yaw: 3.1415711804995738
  wrist_1:
    x: -0.39222981102389115
    y: -0.0022471246968402028
    z: 0.11038211565396489
    roll: 0.020354876614788152
    pitch: -0.00066436048140060071
    yaw: -4.3529632416222963e-05
  wrist_2:
    x: 3.1042877555280423e-06
    y: -0.094707781914641243
    z: 0.00011136494937798391
    roll: 1.5696204477298525
    pitch: 0
    yaw: -5.7345407996709646e-05
  wrist_3:
    x: 7.0980444103809826e-05
    y: 0.082297840772915978
    z: 9.5479105004291285e-05
    roll: 1.5719564916457582
    pitch: 3.1415926535897931
    yaw: 3.1414999701597228
  hash: calib_12665724327779132703